Case #12: N=10, 2 5 5 1 10 8 1 7 2 6
7
Case #13: N=8, 2 1 6 3 8 4 6 5
4
Case #14: N=6, 3 5 2 6 1 4
4
Case #15: N=10, 4 8 2 2 1 9 6 3 6 7
4
Case #16: N=10, 6 1 6 5 4 1 5 10 3 7
10
Case #17: N=5, 5 3 1 3 3
3
Case #18: N=6, 3 4 1 3 6 1
6
Case #19: N=10, 2 10 2 1 6 5 8 4 3 3
3
Case #20: N=8, 8 7 4 3 6 5 1 2
4
Case #21: N=10, 3 4 9 1 1 8 6 5 1 7
3
Case #22: N=6, 2 3 2 5 4 3
6
Case #23: N=10, 3 8 1 1 3 3 6 9 2 8
5
Case #24: N=7, 3 5 1 7 2 4 6
4
Case #25: N=5, 3 1 5 2 4
5
Case #26: N=9, 5 4 6 1 2 8 9 3 7
4
Case #27: N=10, 5 1 10 9 2 10 4 3 7 3
4
Case #28: N=6, 2 1 4 3 6 5
4
Case #29: N=8, 6 8 1 7 8 4 3 2
5
Case #30: N=10, 4 1 2 1 4 3 8 2 5 8
7
Case #31: N=6, 6 6 1 5 2 5
3
Case #32: N=4, 4 4 2 2
4
Case #33: N=7, 5 1 7 3 2 7 6
4
Case #34: N=10, 4 10 5 6 9 1 2 3 8 2
4
Case #35: N=6, 5 6 5 2 2 5
3
Case #36: N=10, 7 5 4 6 8 9 6 4 4 2
3
Case #37: N=10, 10 9 5 7 3 8 4 6 2 1
4
Case #38: N=10, 9 7 1 1 10 8 4 6 10 9
9
Case #39: N=10, 8 1 2 9 3 9 9 5 6 6
5
Case #40: N=8, 2 1 7 2 8 5 1 6
5
Case #41: N=10, 8 3 2 7 9 10 4 1 5 6
4
Case #42: N=6, 5 4 4 3 1 1
6
Case #43: N=10, 6 4 8 2 1 10 9 4 8 6
5
Case #44: N=9, 5 8 4 9 6 7 1 3 2
5
Case #45: N=10, 5 8 10 10 1 4 8 9 7 9
3
Case #46: N=8, 7 6 2 7 7 3 1 1
4
Case #47: N=10, 4 1 7 3 8 10 3 9 6 2
10
Case #48: N=9, 4 3 9 8 1 2 3 5 7
4
Case #49: N=5, 2 4 1 1 3
3
Case #50: N=10, 8 6 4 2 6 2 3 6 2 8
7
Case #51: N=8, 2 8 1 7 1 8 8 4
3
Case #52: N=7, 3 1 7 5 2 3 4
6
Case #53: N=8, 5 4 6 7 2 2 3 1
5
Case #54: N=7, 4 4 4 1 4 4 4
3
Case #55: N=7, 4 4 4 5 3 3 3
3
Case #56: N=9, 2 9 6 5 9 1 3 4 5
9
Case #57: N=7, 3 4 1 1 4 3 6
6
Case #58: N=7, 6 4 4 1 7 5 1
4
Case #59: N=8, 6 6 8 3 6 5 5 4
4
Case #60: N=9, 3 7 4 5 6 1 2 9 8
5
Case #61: N=9, 4 1 2 5 3 8 9 6 6
5
Case #62: N=9, 6 8 8 3 3 2 6 5 6
3
Case #63: N=10, 5 8 1 8 9 7 1 2 6 8
5
Case #64: N=10, 3 5 7 8 8 1 10 4 3 6
5
Case #65: N=9, 4 7 8 3 2 9 2 1 7
5
Case #66: N=5, 2 1 2 2 1
4
Case #67: N=7, 3 3 7 3 3 3 2
3
Case #68: N=9, 5 7 8 6 7 3 5 4 5
4
Case #69: N=7, 3 7 1 2 4 1 5
4
Case #70: N=9, 4 5 4 3 1 7 1 6 5
6
Case #71: N=10, 3 6 8 1 9 7 4 3 8 9
9
Case #72: N=7, 3 1 1 3 3 2 2
5
Case #73: N=7, 4 7 5 6 3 2 1
5
Case #74: N=4, 2 1 2 3
4
Case #75: N=4, 2 1 4 3
4
Case #76: N=8, 4 4 7 2 6 3 5 1
4
Case #77: N=5, 2 3 2 5 4
5
Case #78: N=10, 9 5 2 10 7 7 9 2 7 9
7
Case #79: N=6, 5 6 1 2 4 3
6
Case #80: N=9, 8 7 9 3 6 5 2 1 4
4
Case #81: N=10, 7 3 4 7 2 7 5 6 2 6
5
Case #82: N=6, 3 4 6 2 2 1
3
Case #83: N=9, 8 7 2 9 4 1 3 6 5
3
Case #84: N=10, 7 8 4 3 7 7 9 2 10 5
4
Case #85: N=10, 3 7 1 6 10 2 8 4 1 3
5
Case #86: N=6, 5 6 5 5 4 4
5
Case #87: N=9, 4 5 8 3 4 8 9 6 1
7
Case #88: N=7, 5 3 2 2 1 4 6
5
Case #89: N=5, 4 3 1 3 1
3
Case #90: N=7, 4 3 1 7 6 7 4
7
Case #91: N=6, 6 3 4 1 1 1
5
Case #92: N=10, 6 7 7 8 9 7 8 7 2 7
6
Case #93: N=7, 5 1 2 7 6 4 3
7
Case #94: N=6, 4 3 6 5 2 1
6
Case #95: N=9, 9 9 6 8 4 7 4 4 5
5
Case #96: N=10, 10 9 6 8 1 2 4 7 3 5
4
Case #97: N=10, 10 8 6 2 4 4 10 10 6 9
6
Case #98: N=8, 8 6 8 7 7 8 6 6
5
Case #99: N=10, 4 5 1 8 3 4 10 6 8 7
3
Case #100: N=10, 6 3 6 9 8 1 6 7 8 1
7
